   3.6777778e-01
   1.0000000e+00
   1.0000000e+00
   6.6777778e-01
   4.8888889e-01
   5.5111111e-01
   2.4888889e-01
   1.1333333e-01
   3.4888889e-01
   9.4000000e-01
   4.3555556e-01
   8.5555556e-02
   1.3555556e-01
   3.1000000e-01
   1.1555556e-01
   1.1000000e-01
   6.4777778e-01
   3.0888889e-01
   1.2444444e-01
   1.4000000e-01
   2.0888889e-01
   1.7000000e-01
   2.2111111e-01
   5.4444444e-02
   1.7444444e-01
   1.1333333e-01
   4.2888889e-01
   2.0111111e-01
   1.0000000e+00
   3.1666667e-01
   9.1111111e-02
   3.8111111e-01
   1.0666667e-01
   8.3555556e-01
   2.8444444e-01
   3.2666667e-01
   5.0333333e-01
   1.5666667e-01
   8.3333333e-02
   1.6222222e-01
   3.6333333e-01
