     0.094362761
     -0.13150231
      0.15492258
      0.10536052
    -0.021053409
     -0.15131782
     0.029270382
     0.051533650
    -0.018433702
     -0.19448830
      0.17095780
    0.0094787440
     0.063948725
    -0.036039936
     0.018182319
     0.065382759
     0.084899444
    -0.023530497
     0.038915416
    -0.038915416
    -0.032260862
     0.093818755
    0.0037243991
    -0.041751795
     0.019194447
     0.026267927
    -0.014925650
    -0.058043370
    -0.040656006
     0.052537334
    -0.015873349
     0.011928571
     0.046340337
   -0.0037807228
    0.0037807228
     0.014981554
    -0.022557347
     0.015094626
     0.011173301
    -0.049345874
     0.026873018
    -0.022989518
     0.019194447
     0.022557347
    -0.018762276
     0.018762276
     0.025689486
     0.021506205
     0.017575145
     0.034249923
   -0.0067567825
     0.026757449
   -0.0033057881
    -0.026847250
     0.016863806
    -0.054996676
     0.051646589
    -0.013513719
     0.016863806
       0.0000000
     0.032897704
    -0.013029500
   -0.0065789711
     0.060818740
    -0.028348355
     0.037621992
     0.050985555
    -0.038752986
     0.041672696
    -0.011730340
     0.029071815
     0.022663860
    -0.019802627
    -0.080280831
     0.027482646
     0.041303806
     0.014347448
     0.030857988
    -0.068598316
     0.032026027
     0.033806036
     0.011019395
     0.021681066
     0.057307345
    0.0025284464
   -0.0076045994
     0.049637981
    0.0072376673
    0.0095694510
     0.023530497
     0.027524673
     0.052875752
    -0.037162746
   -0.0044642931
     0.037325958
     0.029726180
    -0.047117923
     0.032365285
     0.085417751
    -0.011764842
    -0.040246881
     0.053959142
    0.0096806177
     0.032230278
     0.022141126
    0.0072727593
     0.039081350
    -0.050010421
     0.025317808
     0.083881484
     0.049649909
    -0.061210731
    0.0082713458
     0.016340233
     0.083900113
    -0.024133901
     0.089044931
     0.041045433
    -0.034086463
     0.026011049
     0.041038187
     0.053042736
     0.051539267
     0.052344144
     0.088027121
    -0.091358607
      0.12627487
     0.066375069
    -0.037387532
     0.090971778
    0.0086580627
       0.0000000
     0.050430854
     0.055791360
     0.038027396
     0.092592787
    -0.048790164
     0.088795499
     0.081549867
    -0.024391453
     0.018349139
    -0.049699669
     0.055741983
      0.11912083
     0.052095112
       0.0000000
    -0.030930301
     0.090060824
     0.014252023
       0.0000000
     0.041576427
     0.078300850
     0.068713893
       0.0000000
   -0.0039138993
     0.068208250
     0.039502443
    -0.046855417
     0.060841659
     0.054067221
    -0.013245227
    0.0066445427
   -0.0066445427
     0.061408628
     0.060809005
     0.029071815
    -0.014430265
     0.031476132
   -0.0056497325
     0.084174496
     0.072805040
     0.028641576
     0.027844026
     0.011376687
       0.0000000
     0.011248713
     0.015538603
    -0.017778246
    -0.041195756
      0.11882092
     0.054503902
     0.049818730
     0.018519048
    -0.043118207
    -0.035091320
   -0.0099701723
     0.073391999
     0.063140897
     0.062679276
     0.014670190
    0.0080580613
    -0.052730501
    -0.018787914
     0.063460354
     0.038099846
     0.069200534
     0.011560822
     0.044951388
     0.046956983
    0.0013097579
   -0.0078844035
     0.010498784
    -0.014464420
    0.0092288064
     0.069692539
     0.050129827
     0.032076060
    -0.071250209
     0.012033840
     0.015430573
     0.067185192
     0.027160822
     0.069350078
    -0.065071997
     0.019028058
    -0.054881980
    -0.068676866
    -0.034964381
     0.096981955
     0.096018574
     -0.21533396
      0.14569054
     0.056917363
      0.10495060
     0.038901332
    -0.055645909
      0.14147350
    -0.027240644
     0.048989387
    -0.043981029
    -0.067150867
   -0.0035682464
     0.064035714
     0.095081547
     0.073454449
     0.086125716
     0.058060469
    -0.027347882
     0.019345377
     0.051200583
    0.0046865932
    0.0046647315
    -0.036733988
    -0.011532753
    -0.037951677
     0.030598703
     0.052123208
     0.082330268
     0.056441311
     0.055350095
     0.032169283
    -0.022599832
     0.055569851
     0.059458070
     0.049679089
    0.0040306383
     0.017939488
    -0.011124469
     0.049873990
     0.067953436
     0.012352372
     0.010467646
     0.033450218
     0.074371688
     0.028568983
     0.012938348
    0.0068524028
     0.073535192
     0.034168183
    0.0050525304
   -0.0061194816
     0.017985145
     0.086093525
    -0.019672766
    -0.055990417
     0.032162037
     0.049973660
     0.028734902
     0.036923064
    -0.066853423
    -0.032829696
     0.019826864
     0.035475688
    0.0011689072
     0.053452177
     0.023638658
     0.066928589
       0.0000000
    0.0036348990
   -0.0054573152
    -0.029619607
   -0.0029270353
