1959.000
1959.250
1959.500
1959.750
1960.000
1960.250
1960.500
1960.750
1961.000
1961.250
1961.500
1961.750
1962.000
1962.250
1962.500
1962.750
1963.000
1963.250
1963.500
1963.750
1964.000
1964.250
1964.500
1964.750
1965.000
1965.250
1965.500
1965.750
1966.000
1966.250
1966.500
1966.750
1967.000
1967.250
1967.500
1967.750
1968.000
1968.250
1968.500
1968.750
1969.000
1969.250
1969.500
1969.750
1970.000
1970.250
1970.500
1970.750
1971.000
1971.250
1971.500
1971.750
1972.000
1972.250
1972.500
1972.750
1973.000
1973.250
1973.500
1973.750
1974.000
1974.250
1974.500
1974.750
1975.000
1975.250
1975.500
1975.750
1976.000
1976.250
1976.500
1976.750
1977.000
1977.250
1977.500
1977.750
1978.000
1978.250
1978.500
1978.750
1979.000
1979.250
1979.500
1979.750
1980.000
1980.250
1980.500
1980.750
1981.000
1981.250
1981.500
1981.750
1982.000
1982.250
1982.500
1982.750
1983.000
1983.250
1983.500
1983.750
1984.000
1984.250
1984.500
1984.750
1985.000
1985.250
1985.500
1985.750
1986.000
1986.250
1986.500
1986.750
1987.000
1987.250
1987.500
1987.750
1988.000
1988.250
1988.500
1988.750
1989.000
1989.250
1989.500
1989.750
1990.000
1990.250
1990.500
1990.750
1991.000
1991.250
1991.500
1991.750
1992.000
1992.250
1992.500
1992.750
1993.000
1993.250
1993.500
1993.750
1994.000
1994.250
1994.500
1994.750
1995.000
1995.250
1995.500
1995.750
1996.000
1996.250
1996.500
1996.750
1997.000
1997.250
1997.500
1997.750
1998.000
1998.250
1998.500
1998.750
1999.000
1999.250
1999.500
1999.750
2000.000
2000.250
2000.500
2000.750
2001.000
2001.250
2001.500
2001.750
2002.000
2002.250
2002.500
2002.750
2003.000
2003.250
2003.500
2003.750
2004.000
2004.250
2004.500
2004.750
2005.000
2005.250
2005.500
2005.750
2006.000
2006.250
2006.500
2006.750